10000 10000
100 101
100 102
101 100
101 103
102 101
102 102
242 245
242 249
242 250
242 252
242 253
242 257
243 244
243 245
243 250
243 252
243 257
243 258
244 243
244 244
244 245
244 249
244 250
244 252
244 253
244 257
244 258
244 259
245 244
245 245
245 257
245 258
248 236
248 237
248 250
248 252
248 265
248 266
249 236
249 239
249 247
249 248
249 250
249 252
249 254
249 255
249 263
249 266
250 237
250 239
250 240
250 241
250 247
250 248
250 250
250 252
250 254
250 255
250 261
250 262
250 263
250 265
251 241
251 247
251 248
251 249
251 253
251 254
251 255
251 261
252 246
252 248
252 254
252 256
253 245
253 257
254 234
254 235
254 246
254 247
254 255
254 256
254 267
254 268
255 234
255 236
255 237
255 265
255 266
255 268
256 235
256 238
256 264
256 267
257 235
257 267
258 236
258 237
258 238
258 264
258 265
258 266
261 244
261 245
261 251
261 257
261 258
262 244
262 245
262 251
262 257
262 258
263 251
300 500
300 501
300 502
742 845
742 849
742 850
742 852
742 853
742 857
743 844
743 845
743 850
743 852
743 857
743 858
744 843
744 844
744 845
744 849
744 850
744 852
744 853
744 857
744 858
744 859
745 844
745 845
745 857
745 858
748 836
748 837
748 850
748 852
748 865
748 866
749 836
749 839
749 847
749 848
749 850
749 852
749 854
749 855
749 863
749 866
750 837
750 839
750 840
750 841
750 847
750 848
750 850
750 852
750 854
750 855
750 861
750 862
750 863
750 865
751 841
751 847
751 848
751 849
751 853
751 854
751 855
751 861
752 846
752 848
752 854
752 856
753 845
753 857
754 834
754 835
754 846
754 847
754 855
754 856
754 867
754 868
755 834
755 836
755 837
755 865
755 866
755 868
756 835
756 838
756 864
756 867
757 835
757 867
758 836
758 837
758 838
758 864
758 865
758 866
761 844
761 845
761 851
761 857
761 858
762 844
762 845
762 851
762 857
762 858
763 851